311 INDEX

8111811, 11. 321 11. 48.

Solon, 1. 291 11. 1771 1. 113.

Solymi, 1. 173.

8111111111, 11. 921 ix. 73-75.

Sosicles, 1. 92.

sosimenes, 1111. 82.

1111111111. 152.

Spargapises, 1. 211.

Spargapithes, 11. 78.

Spercheos, 111. 198. 228.

8111111111, 111. 134.

8111111111, 11. 15.

81131111, 111. 115.

Stentoris 11111, 111. 58.

81111111111, ix. 64.

Stesagoras, 1134. 38. 103.

81111111,1. 113.

8111111111, 11. 114.

81111111, 11. 1381 111131.

8111111111, 1. 101.

Stryme, 111. 108, 109.

Strymon, i. 641 1. 18. 231 111.
24. 1131 viii. 115:

1111111111, 111. 75.

Stymphalis, 11. 76.

811111,11.10711111. l. 461 ix. 28.

Styx, 11. 74.

Sunium, 11. 87. 115.

Susa, i. 1881 11. 83. 9103 1. 49.
52-541 111. 239.

81111111, 111. 153. β9.

Sybaris, 1. 441 11. 21. 127.

81111, 11. 28

1111111111. 741 1. 1181 111. 98.

8111111, 111. 88. 139. 141-149.

81111, 1. 174.

Syracuse, 111. 55, seqq.

81131111. 123.

Syri, 1. 72. 761 111. 901 1. 491
vii. 72.

81111, 11. 12. 1161 111. 5. 311
391 111. 89.

81111, 111. 63. ,

811111, 11. 32. 150.

’1111111 154.

Tabiii, 11. 59.
1111111111. 29. ‚
Τω111111,1.23,241 111. 168.
Talaus, 1. 67. ’
1111111111, 111. 134.
1111111111, 111. 184. 137.
11111111, 11. 101.
Tanagra, 1. 57. 791 ix. 15. 43.
Taneis, ii. 1661 11. 20, 21. 45.
100. 123. ’
Tarentum, i. 241 iii. 1381 11.
1111111. ¹
Tergiteus, 11. 5.
1111111111. 15. 113.
Tartessos, i. 1583 11. 151192.
Teucheira, 11. 171.

Tauri, 11. 3. 20. 99. 103.

Taxaois, 11. 120.

Taygetum, 11. 145.

Tearos, 11. 90, 91.

Tempu, iv. 483 111. 791 11. 76

Tegea, 1. 6511172. 1051 111.
170. 2021 ix. 25. 35. 70.

131111. 1681 11. 8.

Telamon, 1111. 64.

Τ1111111, 1. 59.

Τ1111111, iii. 41.

Teleolus, 111. 204.

Teleearohns, iii. 143.

Telines, 111. 153.

11111111, 11. 37.

Tollius, viii. 27.

Tellus, i. 30.

Telmesei, 1. 78.

Telns insula, 111. 153.

11111, 1. 44.

Temenus, 1111. 137, seqq.

Temnos, i. 148·

Tempe, 111. 173.

11111111. 1811 11. 31.

Tenue, 11. 331 11. 971 viii. 82.

Τ111, 1. 142. 1681· 11. 178.

Τ1111, 11. 801 111. 137.

Terillns, 111. 165.

Termila, 111. 92.

Tethronium,viii. 88.

 

