111 , ninas

01011. 1021 111170
Cephallania, ix. 28.

0111111111, 111. 61.

Cepheus, rii. 61. 150.
Cephisus, 111. 1781 1111. 33.
0111110111, ii. 15. 17. 97.
Chalcedonii. Vide calchedonii.
0111011, 111. 63.

- 0111110111. 111.

Chalybes, 1, 281 111. 76.

Charadra, 1111. 83.

Charaxus, ii. 1851 11. 135.

Charilaus, iii. 145, -

0111111111, viii. 131.

Charopinus, 1. 99.

0111111110. 91. 156. 165.

Chsops, 11. 124, seqq.

Chsphron‚ ii, 127. 128.

Chemmis, 111. 78.

0111111, Gorgi 11111111. 981
111111. ·

....-‚ Onosili pstor, 1. 104.

Chersonesus, ir. 991 11. 83. 39.
1401 ix. 119.

Chilous‚ ix. 9.

Chilon, i. 591 11. 651 111. 236.
Chios, i. 18. 1421601 11. 1781
11. 15,16. 26. 311 rili. 182.

Choaspes, i. 1683 1. 49. 52.

01111011, 11. 101.

choereata (1101111111111. 68.

0101111111. 170.

0101111111, 111. 99. 1171 111. 66.

Chronius, 1. 82.

0111111 (Χύτρυι), 111 176.

0110111, 111. 591108. 110.

01110111. 28. 721 111. 901 1. 49.
521 111. 91.

0111011, 11. 17. 841 1119011.
521 ix· 107.

Cilix, 111. 91.

01111, 1. 149.

0111101111, 111. 155.

0111111111,11. 12.

0111111111 Bosporus, 11. 12.
28100.

0111111111,1.6,15, 161 11. 1.

01Ξο1ῗ1011ίιᾱί1 pater, 11. 34

-331-101111111111111111η11361
111. 107.

Cineas, 1. 63.

Cinyps (1111111111. 1751 1. 42. “

-- (regio), 11. 198.
0101, 1. 122.

Cissis, 1. 49. 521 11. 119. ‘

0111111911 vii· 62. 88. 210.
0111011111,1.16.1421 11. 1781
0111οΞ11» 11.

0181311111, 11111 Phigalsus, 11.
-l-, Hippocratis 61111,
111.·155.

---, 11111111 filius, 111.
0110111. 11.

01101111, 11. 521 vii· 2⁰43 Ι

1111131.

Cleombrotus, 11. 811 1. 1. 411
viii. 111 ix. 10.

0110111111,111.1481 1. 41, 11
1111ῗέ11 11. 49. 51. 66, 66.

Cleonas, rii. 22.

0111111, viii. 17.

0111111111610101111, 1. 671
11. 126.

—-, Atheniensis, 1. 66.
69, 70. 78.

Canthus, 11. 88.

Cnidii, 1. 1741111. 138111. 104.

0111111,1.1441 11. 178.

001101, 11. 66.

Codrus, 11471 1. 65. 761 ia 97.

0011111, 11. 47.

0081111. 971 x. 11. 87, 88.

Coimus, 11. 152.

00111111, 11. 5. 7. ·

Colohi, ii. 1041 111. 971 11. 37.
401 111. 79·

 

